Webots Project File version R2021b
perspectives: 000000ff00000000fd0000000300000000000000690000044dfc0100000001fb0000001e00480074006d006c0052006f0062006f007400570069006e0064006f00770100000000000000690000000000000000000000010000022400000372fc0200000001fb0000001400540065007800740045006400690074006f00720100000016000003720000008900ffffff000000030000073d000000d9fc0100000001fb0000001a0043006f006e0073006f006c00650041006c006c0041006c006c01000000000000073d0000006900ffffff000005170000037200000001000000020000000100000008fc00000000
simulationViewPerspectives: 000000ff0000000100000002000001e6000002f70100000002010000000100
sceneTreePerspectives: 000000ff0000000100000002000000c0000000fa0100000002010000000200
maximizedDockId: -1
centralWidgetVisible: 1
orthographicViewHeight: 1
textFiles: 1 "controllers/display/display.py" "controllers/camera/camera.py"
consoles: Console:All:All
renderingDevicePerspectives: robot display:display;1;0.63;0.564417;0.0388821
renderingDevicePerspectives: robot:camera;1;0.09;0.0542074;0.0267314
